width: 3840  
height: 2160
frame: brio

camera_matrix:
  fx: 3.43246678e+03
  fy: 3.44478930e+03
  cx: 1.79637288e+03
  cy: 1.08661527e+03



